9.0 8.145975112915039
21.0 18.485647201538086
17.0 18.011390686035156
11.0 14.991754531860352
19.0 22.385969161987305
20.0 18.368364334106445
4.0 10.165206909179688
11.0 14.180545806884766
11.0 10.86913013458252
13.0 14.195747375488281
8.0 11.982837677001953
5.0 8.683154106140137
7.0 9.524032592773438
12.0 12.095137596130371
12.0 12.04000473022461
12.0 12.035931587219238
12.0 11.538960456848145
17.0 12.721962928771973
19.0 15.653767585754395
13.0 19.911985397338867
31.0 29.373577117919922
41.0 42.642425537109375
44.0 33.40496826171875
35.0 33.94102478027344
23.0 22.808401107788086
13.0 13.035981178283691
13.0 11.907896041870117
11.0 11.8043794631958
7.0 9.164082527160645
10.0 8.287652015686035
14.0 8.156286239624023
13.0 15.87845516204834
19.0 15.446879386901855
15.0 19.97115707397461
19.0 20.42340660095215
19.0 19.490108489990234
24.0 24.21063995361328
10.0 14.346661567687988
12.0 12.517513275146484
12.0 12.582079887390137
8.0 11.571584701538086
16.0 12.309159278869629
9.0 10.849034309387207
10.0 16.353931427001953
12.0 14.655447959899902
13.0 15.222657203674316
18.0 21.15784454345703
12.0 14.029928207397461
20.0 18.567781448364258
24.0 22.978471755981445
27.0 23.952791213989258
35.0 33.27465057373047
28.0 31.51729393005371
30.0 32.4727783203125
12.0 15.957334518432617
12.0 11.577608108520508
6.0 10.685770988464355
19.0 14.85332202911377
13.0 15.146032333374023
17.0 13.178300857543945
9.0 11.163810729980469
17.0 15.340094566345215
17.0 19.617855072021484
23.0 19.431028366088867
15.0 21.586183547973633
22.0 26.57864761352539
26.0 28.035247802734375
31.0 26.719022750854492
21.0 21.38286590576172
12.0 11.482634544372559
6.0 9.03853988647461
12.0 13.157758712768555
18.0 14.507481575012207
20.0 18.303560256958008
18.0 21.126283645629883
10.0 20.057584762573242
26.0 19.222370147705078
15.0 16.427364349365234
20.0 20.773822784423828
43.0 35.215431213378906
18.0 17.44345474243164
31.0 26.893375396728516
27.0 26.913801193237305
28.0 25.33421516418457
10.0 13.479023933410645
10.0 11.5221529006958
12.0 10.807170867919922
8.0 9.01831340789795
13.0 12.646860122680664
17.0 14.830947875976562
20.0 16.389972686767578
8.0 11.1099271774292
17.0 16.739612579345703
24.0 19.342418670654297
18.0 18.24181365966797
18.0 20.145130157470703
21.0 20.193845748901367
17.0 20.997385025024414
17.0 20.361379623413086
19.0 15.371822357177734
8.0 9.952570915222168
11.0 15.154434204101562
11.0 10.565788269042969
16.0 17.873048782348633
31.0 23.507251739501953
12.0 16.092622756958008
12.0 15.044157028198242
20.0 23.248809814453125
27.0 25.69527244567871
38.0 37.140541076660156
38.0 45.38290023803711
34.0 40.330501556396484
50.0 52.549137115478516
33.0 41.76166915893555
22.0 18.021442413330078
30.0 23.009296417236328
12.0 13.070666313171387
11.0 9.636617660522461
11.0 9.654584884643555
12.0 9.969834327697754
14.0 11.987116813659668
15.0 16.007598876953125
12.0 17.15306282043457
18.0 18.433931350708008
28.0 23.931102752685547
18.0 23.348270416259766
26.0 24.021425247192383
27.0 20.96546173095703
17.0 14.046961784362793
17.0 19.563215255737305
21.0 13.840956687927246
18.0 14.00576400756836
6.0 9.78923511505127
18.0 17.092409133911133
11.0 13.532842636108398
25.0 22.156410217285156
16.0 15.415725708007812
9.0 13.036297798156738
22.0 19.82280731201172
18.0 19.8008975982666
28.0 23.154680252075195
38.0 36.08564376831055
35.0 32.42768859863281
20.0 21.56184196472168
20.0 19.48932456970215
19.0 18.067333221435547
15.0 15.442390441894531
14.0 13.203214645385742
9.0 12.547139167785645
14.0 14.34116268157959
4.0 3.573031187057495
9.0 6.66550874710083
10.0 12.375421524047852
11.0 12.862773895263672
8.0 9.065463066101074
13.0 14.759490966796875
10.0 12.97153377532959
19.0 19.144533157348633
20.0 16.49627113342285
12.0 15.294585227966309
13.0 11.29920768737793
10.0 10.651928901672363
14.0 14.847153663635254
13.0 14.489747047424316
11.0 14.360021591186523
14.0 19.729978561401367
14.0 23.323118209838867
9.0 13.531267166137695
10.0 12.104140281677246
12.0 14.575882911682129
17.0 11.943897247314453
16.0 15.224935531616211
16.0 13.404621124267578
13.0 10.668102264404297
12.0 10.023460388183594
11.0 11.181832313537598
11.0 6.873938083648682
11.0 7.748399257659912
7.0 8.61436939239502
10.0 10.94111442565918
2.0 3.4846436977386475
3.0 2.232434034347534
7.0 6.97727632522583
7.0 7.178286552429199
11.0 14.361940383911133
5.0 8.671662330627441
10.0 13.505780220031738
7.0 10.108611106872559
8.0 9.478673934936523
7.0 10.764116287231445
11.0 13.069942474365234
15.0 11.20125961303711
13.0 11.010058403015137
7.0 7.709471702575684
19.0 18.97044563293457
12.0 15.265316009521484
18.0 15.126934051513672
7.0 9.168718338012695
12.0 11.406309127807617
10.0 13.551859855651855
7.0 6.99426794052124
17.0 11.528010368347168
7.0 7.492914199829102
8.0 6.999387264251709
8.0 8.349905967712402
6.0 6.18347692489624
6.0 5.277313709259033
12.0 10.877070426940918
7.0 6.551963806152344
12.0 10.841880798339844
3.0 7.058212757110596
16.0 17.721569061279297
18.0 14.464003562927246
21.0 21.09999656677246
20.0 24.888139724731445
26.0 25.483718872070312
26.0 24.2414493560791
15.0 21.47609519958496
16.0 20.0494384765625
9.0 12.434332847595215
13.0 15.02016544342041
14.0 13.545373916625977
12.0 13.058820724487305
23.0 16.73934555053711
23.0 15.941893577575684
15.0 9.425606727600098
5.0 9.407110214233398
20.0 21.31612777709961
21.0 19.7305850982666
43.0 39.60707473754883
31.0 34.48170852661133
47.0 54.94467544555664
38.0 35.8344841003418
39.0 33.72765350341797
12.0 13.765332221984863
14.0 13.385246276855469
12.0 8.228433609008789
5.0 7.618147850036621
8.0 6.622655868530273
7.0 6.6389546394348145
17.0 12.393121719360352
8.0 8.590011596679688
10.0 11.124642372131348
17.0 14.41110610961914
16.0 16.749135971069336
10.0 14.851692199707031
18.0 23.405302047729492
15.0 14.897459983825684
24.0 23.273059844970703
21.0 19.441646575927734
13.0 15.482368469238281
12.0 16.87273597717285
12.0 17.914255142211914
20.0 18.741655349731445
20.0 18.30927276611328
26.0 24.87129783630371
16.0 16.82756805419922
12.0 11.43507194519043
14.0 16.023229598999023
19.0 16.67426109313965
26.0 24.735408782958984
27.0 23.99676513671875
32.0 37.05542755126953
38.0 34.66001892089844
18.0 15.140071868896484
13.0 10.921005249023438
15.0 12.531311988830566
4.0 9.132279396057129
18.0 13.535308837890625
8.0 10.415058135986328
9.0 12.661248207092285
13.0 12.33277702331543
18.0 18.473106384277344
23.0 27.406761169433594
29.0 23.644380569458008
33.0 28.02661895751953
35.0 36.00012969970703
23.0 30.52039337158203
45.0 36.67927551269531
22.0 21.5544376373291
15.0 14.003241539001465
21.0 18.024375915527344
14.0 17.291349411010742
14.0 13.586407661437988
21.0 15.552441596984863
26.0 25.283334732055664
21.0 19.373029708862305
24.0 25.9928035736084
26.0 33.78834915161133
71.0 62.43754959106445
45.0 42.53135681152344
42.0 46.43965148925781
34.0 38.91680908203125
33.0 41.77887725830078
16.0 15.30812931060791
18.0 15.033219337463379
18.0 17.885902404785156
14.0 12.586251258850098
8.0 10.075051307678223
12.0 12.268242835998535
2.0 2.747408151626587
2.0 4.2582197189331055
13.0 9.49658203125
8.0 7.978890419006348
9.0 11.359560012817383
9.0 11.279791831970215
14.0 15.56412410736084
17.0 19.51423454284668
15.0 11.834638595581055
6.0 7.33777379989624
15.0 13.841029167175293
9.0 12.687750816345215
9.0 8.297698974609375
17.0 14.03007698059082
14.0 13.125402450561523
15.0 18.66172218322754
13.0 17.695117950439453
13.0 16.393962860107422
13.0 12.258383750915527
17.0 15.478530883789062
10.0 12.59406852722168
13.0 17.869375228881836
17.0 15.570517539978027
7.0 7.229517936706543
16.0 20.578481674194336
3.0 4.0544610023498535
9.0 8.233551025390625
4.0 2.6880240440368652
12.0 11.276268005371094
12.0 9.728742599487305
10.0 11.19252872467041
8.0 7.300053596496582
13.0 15.434874534606934
19.0 21.957256317138672
20.0 23.418725967407227
32.0 31.271562576293945
22.0 20.186161041259766
5.0 8.563666343688965
15.0 20.51856231689453
9.0 13.56750774383545
9.0 11.903260231018066
10.0 11.155373573303223
9.0 10.6323823928833
15.0 11.456536293029785
14.0 13.20157527923584
18.0 15.762224197387695
14.0 14.591638565063477
9.0 13.43189811706543
16.0 15.540244102478027
12.0 13.12586784362793
16.0 17.816871643066406
34.0 30.8477840423584
34.0 38.105979919433594
36.0 33.9359245300293
18.0 12.884268760681152
12.0 13.471394538879395
8.0 11.684261322021484
7.0 8.98843765258789
7.0 7.133632659912109
10.0 10.799200057983398
6.0 4.838389873504639
9.0 6.365187644958496
22.0 26.972196578979492
30.0 31.335176467895508
23.0 24.1186580657959
19.0 23.821273803710938
24.0 22.98029899597168
18.0 22.417680740356445
18.0 16.21998405456543
17.0 17.82756996154785
12.0 10.785707473754883
7.0 10.216885566711426
14.0 15.222597122192383
11.0 14.39480972290039
18.0 14.949649810791016
19.0 21.178747177124023
21.0 20.773656845092773
22.0 21.24718475341797
14.0 15.519797325134277
20.0 27.460004806518555
36.0 34.31349182128906
46.0 42.62734603881836
48.0 44.625484466552734
58.0 52.87411117553711
37.0 36.5672721862793
18.0 16.618255615234375
24.0 19.726598739624023
12.0 11.689962387084961
13.0 10.52319049835205
9.0 8.650813102722168
9.0 7.143314361572266
13.0 12.274843215942383
30.0 29.97454071044922
27.0 27.801010131835938
41.0 37.643733978271484
28.0 25.62836456298828
21.0 25.40666389465332
16.0 15.401229858398438
23.0 19.7127685546875
19.0 18.848249435424805
12.0 15.694907188415527
21.0 16.12213897705078
16.0 16.397178649902344
14.0 13.921406745910645
20.0 19.11431121826172
13.0 14.342525482177734
20.0 19.215242385864258
20.0 14.049659729003906
9.0 16.026670455932617
24.0 21.310504913330078
23.0 28.018108367919922
47.0 43.137508392333984
28.0 26.3437557220459
12.0 14.610918045043945
14.0 11.539618492126465
11.0 11.334900856018066
10.0 10.557412147521973
6.0 9.274194717407227
12.0 13.487273216247559
8.0 7.602484703063965
12.0 9.602965354919434
11.0 12.893987655639648
21.0 16.77046012878418
18.0 18.507251739501953
21.0 17.02199363708496
15.0 18.723535537719727
16.0 20.480520248413086
33.0 23.63759994506836
15.0 14.721116065979004
17.0 18.87567138671875
16.0 16.59415626525879
5.0 11.596721649169922
14.0 14.158808708190918
14.0 16.6981201171875
16.0 16.31822967529297
17.0 20.427095413208008
16.0 15.597294807434082
16.0 20.53789710998535
22.0 24.29916763305664
22.0 20.64246368408203
30.0 24.798154830932617
23.0 16.968555450439453
24.0 21.434226989746094
38.0 28.78514862060547
15.0 16.159160614013672
16.0 13.537166595458984
9.0 10.892101287841797
10.0 12.134012222290039
18.0 18.5343074798584
13.0 10.919949531555176
5.0 4.837057113647461
7.0 6.141151428222656
6.0 11.480816841125488
5.0 10.540571212768555
16.0 15.566941261291504
10.0 13.253060340881348
11.0 14.393594741821289
15.0 20.291284561157227
12.0 16.095367431640625
13.0 18.749589920043945
5.0 7.8211212158203125
12.0 14.608616828918457
9.0 10.418217658996582
7.0 10.955948829650879
6.0 11.367996215820312
14.0 13.546820640563965
7.0 13.236204147338867
10.0 16.286535263061523
12.0 12.868144035339355
5.0 11.107293128967285
16.0 18.424850463867188
11.0 10.974547386169434
10.0 13.003732681274414
10.0 12.242892265319824
10.0 10.084171295166016
11.0 9.532899856567383
10.0 9.79189682006836
7.0 9.754008293151855
6.0 5.035315036773682
11.0 9.930656433105469
8.0 6.062148571014404
4.0 2.3763701915740967
7.0 5.939817905426025
6.0 7.142409324645996
9.0 11.07662582397461
13.0 16.668851852416992
9.0 10.836795806884766
15.0 16.34684181213379
6.0 16.334867477416992
14.0 13.764759063720703
9.0 9.527100563049316
13.0 14.945688247680664
12.0 11.945767402648926
12.0 13.230896949768066
10.0 14.623322486877441
7.0 16.723194122314453
13.0 11.073351860046387
10.0 11.3713960647583
9.0 14.09389877319336
14.0 11.02436637878418
17.0 20.292064666748047
13.0 12.792434692382812
10.0 10.619098663330078
7.0 6.770782947540283
11.0 8.208979606628418
9.0 8.637283325195312
6.0 4.883176803588867
6.0 6.410397052764893
12.0 10.408225059509277
8.0 9.218313217163086
8.0 10.718674659729004
5.0 9.393697738647461
17.0 16.9255428314209
15.0 14.898966789245605
21.0 19.967954635620117
24.0 19.07537269592285
24.0 20.38053321838379
13.0 15.152167320251465
10.0 16.571979522705078
15.0 14.458647727966309
12.0 12.394597053527832
6.0 10.694332122802734
18.0 15.405610084533691
17.0 15.929677963256836
19.0 15.800747871398926
19.0 17.62504768371582
19.0 19.37518882751465
21.0 21.494775772094727
22.0 18.640331268310547
16.0 17.875574111938477
25.0 23.63861083984375
30.0 29.371511459350586
19.0 18.753631591796875
18.0 15.427777290344238
17.0 10.839033126831055
14.0 14.236994743347168
11.0 10.873305320739746
11.0 11.483600616455078
8.0 9.86532974243164
10.0 10.649516105651855
4.0 4.848949909210205
13.0 12.854083061218262
22.0 18.530044555664062
21.0 24.62745475769043
30.0 31.323883056640625
38.0 29.77604103088379
31.0 29.05668830871582
28.0 27.72879981994629
20.0 17.478309631347656
22.0 18.19178581237793
6.0 9.421218872070312
9.0 13.203537940979004
14.0 11.344765663146973
17.0 16.221160888671875
19.0 14.236889839172363
16.0 18.094196319580078
13.0 17.345476150512695
11.0 19.861284255981445
15.0 19.394699096679688
18.0 19.65298843383789
23.0 22.22910499572754
27.0 25.454378128051758
18.0 20.629119873046875
12.0 15.966348648071289
10.0 12.024883270263672
14.0 13.152219772338867
8.0 9.953268051147461
11.0 10.578618049621582
10.0 11.251618385314941
10.0 7.299246311187744
6.0 5.87316370010376
4.0 6.222705364227295
6.0 7.91984748840332
7.0 10.931402206420898
14.0 12.460872650146484
13.0 14.702853202819824
11.0 12.472269058227539
11.0 8.57751178741455
9.0 14.5653657913208
8.0 14.062590599060059
13.0 9.982937812805176
4.0 6.881742000579834
14.0 11.767865180969238
9.0 10.825828552246094
12.0 13.781699180603027
13.0 13.934173583984375
9.0 10.608803749084473
8.0 12.643105506896973
10.0 13.00151538848877
6.0 7.160928249359131
10.0 15.484075546264648
11.0 14.036766052246094
5.0 9.773107528686523
7.0 4.954020977020264
12.0 7.769625663757324
10.0 9.146021842956543
7.0 4.49053955078125
7.0 8.148425102233887
5.0 5.210984230041504
6.0 6.014447212219238
1.0 1.376030683517456
6.0 5.63032341003418
7.0 5.746588706970215
8.0 10.776960372924805
5.0 14.978797912597656
13.0 10.7423095703125
14.0 12.17374038696289
9.0 12.954030990600586
13.0 16.604324340820312
1.0 3.7960145473480225
13.0 16.57772445678711
5.0 11.486125946044922
8.0 11.589021682739258
14.0 14.411589622497559
11.0 18.636873245239258
29.0 19.0573673248291
10.0 16.69162368774414
11.0 14.686434745788574
21.0 26.039031982421875
15.0 16.4946231842041
7.0 10.129281044006348
8.0 8.313691139221191
10.0 10.909283638000488
12.0 16.036880493164062
13.0 9.212862014770508
7.0 9.964373588562012
10.0 12.602555274963379
8.0 8.067628860473633
12.0 9.899378776550293
14.0 11.561716079711914
5.0 6.216402530670166
11.0 13.822212219238281
17.0 16.56816291809082
20.0 17.10405731201172
19.0 16.441736221313477
17.0 23.317277908325195
18.0 20.473691940307617
11.0 11.125080108642578
11.0 12.421091079711914
19.0 13.421378135681152
20.0 20.749380111694336
12.0 13.8270845413208
17.0 13.8471040725708
10.0 16.90911102294922
11.0 8.56490421295166
19.0 18.15848159790039
19.0 18.114839553833008
19.0 16.488662719726562
15.0 16.633424758911133
9.0 13.44371509552002
30.0 27.07413673400879
33.0 38.8503532409668
27.0 37.44620895385742
22.0 24.238479614257812
13.0 15.730399131774902
9.0 12.984895706176758
13.0 9.933968544006348
13.0 11.363110542297363
6.0 7.474936008453369
7.0 10.480581283569336
14.0 10.687862396240234
11.0 13.25191879272461
11.0 18.870168685913086
21.0 18.56073760986328
17.0 15.956648826599121
20.0 18.984994888305664
24.0 25.997350692749023
20.0 22.479082107543945
18.0 16.8851318359375
7.0 11.615915298461914
21.0 14.539825439453125
11.0 8.73359203338623
16.0 15.210500717163086
10.0 14.861458778381348
13.0 10.455221176147461
13.0 14.961935043334961
25.0 20.520322799682617
11.0 14.099796295166016
19.0 18.58127784729004
20.0 16.90026092529297
26.0 20.76361083984375
18.0 20.061748504638672
17.0 16.552738189697266
13.0 13.38605785369873
15.0 15.284393310546875
9.0 10.03326416015625
13.0 10.722084999084473
15.0 10.64970588684082
13.0 10.005908012390137
9.0 8.805259704589844
11.0 9.305997848510742
19.0 17.508604049682617
25.0 23.10340690612793
21.0 22.156766891479492
19.0 22.97300148010254
19.0 19.41490936279297
21.0 22.474658966064453
22.0 22.977294921875
20.0 19.32050895690918
21.0 17.94736671447754
9.0 10.417510032653809
10.0 16.21841049194336
14.0 15.833661079406738
7.0 12.343888282775879
19.0 14.341469764709473
17.0 13.583758354187012
17.0 14.509125709533691
20.0 20.877273559570312
13.0 15.767839431762695
14.0 15.880779266357422
21.0 17.831586837768555
28.0 29.75431251525879
35.0 34.95460891723633
15.0 16.11040687561035
17.0 15.16075611114502
13.0 16.566070556640625
13.0 14.717222213745117
16.0 12.67686653137207
7.0 8.18433666229248
12.0 10.194184303283691
7.0 5.831960678100586
1.0 2.0683674812316895
7.0 8.637717247009277
5.0 4.666152000427246
7.0 8.173026084899902
8.0 11.585562705993652
9.0 11.08751392364502
10.0 12.936676025390625
11.0 12.03474235534668
8.0 9.967960357666016
8.0 10.642244338989258
5.0 9.384002685546875
10.0 13.6620454788208
7.0 9.391843795776367
11.0 15.268983840942383
12.0 17.58330535888672
16.0 11.490703582763672
14.0 13.775201797485352
18.0 15.905876159667969
16.0 14.94334888458252
14.0 13.403290748596191
7.0 12.50141429901123
10.0 8.264537811279297
8.0 10.197102546691895
7.0 6.361211776733398
22.0 15.229665756225586
8.0 6.028168678283691
7.0 5.913508415222168
11.0 7.67440938949585
12.0 10.16777515411377
4.0 8.245981216430664
11.0 7.970372676849365
18.0 16.301881790161133
26.0 24.731250762939453
26.0 22.407215118408203
23.0 18.825286865234375
19.0 22.867847442626953
21.0 17.19175148010254
17.0 18.289024353027344
24.0 19.29488182067871
6.0 13.072183609008789
18.0 15.410269737243652
8.0 10.145000457763672
13.0 10.489264488220215
16.0 12.593700408935547
22.0 18.558502197265625
12.0 17.469606399536133
16.0 18.470195770263672
9.0 15.35110855102539
22.0 23.102441787719727
20.0 19.311620712280273
14.0 15.98117446899414
18.0 24.646120071411133
11.0 16.42197036743164
15.0 15.602862358093262
10.0 10.543083190917969
11.0 11.697613716125488
9.0 10.724645614624023
9.0 14.530648231506348
10.0 10.418196678161621
9.0 6.000462055206299
12.0 11.523778915405273
18.0 15.345705032348633
13.0 18.35675621032715
19.0 19.352476119995117
21.0 21.434276580810547
17.0 18.505962371826172
13.0 19.767683029174805
19.0 18.39076042175293
12.0 12.010601997375488
7.0 8.221237182617188
13.0 11.886528968811035
16.0 15.186166763305664
8.0 16.7179012298584
18.0 17.11475372314453
14.0 16.521644592285156
18.0 17.943037033081055
18.0 16.355546951293945
12.0 15.255293846130371
21.0 17.051048278808594
27.0 25.16340446472168
19.0 25.02964210510254
23.0 34.03403854370117
32.0 29.578710556030273
13.0 19.292369842529297
16.0 14.765823364257812
8.0 12.284049034118652
11.0 14.433085441589355
12.0 14.499493598937988
15.0 13.120735168457031
8.0 5.382776737213135
9.0 10.026683807373047
14.0 15.190409660339355
22.0 16.7255916595459
18.0 18.891033172607422
17.0 21.07810401916504
13.0 18.049091339111328
14.0 14.427749633789062
15.0 13.084497451782227
15.0 17.82306671142578
9.0 11.172082901000977
13.0 13.24635124206543
18.0 21.94997787475586
21.0 19.306079864501953
20.0 15.650551795959473
17.0 17.578218460083008
17.0 19.10401725769043
8.0 11.483538627624512
7.0 8.636754989624023
9.0 16.842208862304688
22.0 23.457517623901367
21.0 24.627845764160156
38.0 40.0295524597168
25.0 23.71491050720215
19.0 16.163726806640625
14.0 10.600587844848633
7.0 7.771658897399902
10.0 11.880512237548828
9.0 10.460371017456055
14.0 10.449341773986816
5.0 5.964062690734863
10.0 10.605846405029297
18.0 18.492080688476562
10.0 14.847419738769531
18.0 19.0292911529541
21.0 20.479915618896484
25.0 18.462032318115234
14.0 16.7690486907959
14.0 17.414634704589844
9.0 15.556642532348633
12.0 15.131256103515625
14.0 10.146624565124512
13.0 10.460564613342285
13.0 17.987613677978516
7.0 12.426746368408203
13.0 13.012661933898926
23.0 20.003000259399414
13.0 15.702640533447266
15.0 19.812105178833008
18.0 18.06382179260254
21.0 23.84906005859375
32.0 29.32716178894043
21.0 21.671724319458008
23.0 16.71756362915039
16.0 16.83063316345215
12.0 15.185356140136719
15.0 12.132479667663574
10.0 12.925243377685547
14.0 11.501618385314941
10.0 10.233856201171875
12.0 10.520120620727539
9.0 9.965877532958984
10.0 8.462037086486816
13.0 14.4226713180542
16.0 15.454540252685547
21.0 20.45893096923828
14.0 15.333964347839355
14.0 18.18633270263672
12.0 14.721481323242188
16.0 14.386387825012207
15.0 11.271183013916016
13.0 13.211567878723145
8.0 10.793492317199707
16.0 16.234317779541016
14.0 16.042699813842773
23.0 20.875843048095703
15.0 16.439773559570312
22.0 19.615158081054688
11.0 15.153884887695312
18.0 17.804332733154297
24.0 25.00444221496582
21.0 21.22364044189453
35.0 30.6600341796875
28.0 27.32270050048828
16.0 17.687814712524414
18.0 16.709470748901367
14.0 14.403523445129395
14.0 13.681475639343262
15.0 17.34478759765625
13.0 10.892156600952148
1.0 2.176234722137451
9.0 5.023490905761719
7.0 5.9632344245910645
13.0 9.338834762573242
9.0 12.392677307128906
14.0 17.892026901245117
17.0 15.794417381286621
19.0 25.824172973632812
13.0 18.12874412536621
13.0 15.735897064208984
12.0 12.043825149536133
6.0 8.58176326751709
10.0 8.795276641845703
13.0 15.837969779968262
14.0 17.08841323852539
10.0 14.262360572814941
21.0 18.019367218017578
14.0 16.38166046142578
22.0 15.05234146118164
8.0 12.013054847717285
14.0 14.64002799987793
19.0 15.030116081237793
12.0 11.020308494567871
18.0 15.082798957824707
8.0 10.601229667663574
12.0 10.965539932250977
9.0 10.89499568939209
9.0 6.391460418701172
9.0 8.497918128967285
9.0 9.245856285095215
4.0 4.272495746612549
4.0 5.500134468078613
4.0 6.007187366485596
6.0 10.23131275177002
13.0 10.211400985717773
9.0 9.492698669433594
10.0 6.699819087982178
12.0 11.111746788024902
10.0 10.088446617126465
12.0 11.720487594604492
7.0 10.261780738830566
10.0 13.123205184936523
10.0 10.464065551757812
5.0 12.153790473937988
7.0 14.483146667480469
15.0 13.965492248535156
12.0 11.784832000732422
15.0 13.542888641357422
7.0 8.302562713623047
11.0 12.197440147399902
8.0 8.391136169433594
5.0 8.9535493850708
7.0 8.505578994750977
2.0 6.029671669006348
7.0 6.670471668243408
4.0 2.4406578540802
11.0 10.384221076965332
6.0 5.597031593322754
8.0 8.475815773010254
6.0 7.809783935546875
5.0 8.207428932189941
8.0 9.756071090698242
13.0 15.721064567565918
11.0 12.070419311523438
18.0 16.253032684326172
14.0 16.736289978027344
13.0 15.775399208068848
12.0 14.201886177062988
22.0 21.580209732055664
9.0 14.383503913879395
11.0 14.494102478027344
13.0 16.3330135345459
13.0 14.646671295166016
12.0 14.692251205444336
14.0 12.434611320495605
18.0 21.937454223632812
18.0 16.984989166259766
15.0 15.839768409729004
18.0 17.090496063232422
13.0 12.487334251403809
22.0 18.497373580932617
35.0 33.79972839355469
41.0 37.16244125366211
17.0 16.734054565429688
8.0 11.941643714904785
15.0 15.630805969238281
17.0 15.001317024230957
10.0 11.572612762451172
8.0 6.040972709655762
16.0 11.7089204788208
7.0 5.588258266448975
9.0 10.717042922973633
15.0 9.714092254638672
15.0 14.587041854858398
23.0 25.734018325805664
22.0 25.25582504272461
23.0 23.7576904296875
19.0 17.197948455810547
19.0 18.033111572265625
18.0 18.924163818359375
12.0 10.862157821655273
11.0 9.8445405960083
14.0 14.347538948059082
13.0 16.753767013549805
13.0 13.461079597473145
14.0 19.81118392944336
12.0 16.764341354370117
28.0 21.680513381958008
14.0 19.18042755126953
20.0 15.985970497131348
19.0 25.14188003540039
55.0 56.0819206237793
51.0 49.259521484375
59.0 59.64829635620117
50.0 49.13866424560547
22.0 21.976688385009766
22.0 13.730524063110352
10.0 9.570389747619629
12.0 12.613951683044434
18.0 16.393112182617188
6.0 9.14879322052002
13.0 11.11434555053711
14.0 14.199460983276367
20.0 18.193111419677734
31.0 31.671178817749023
19.0 21.283159255981445
23.0 24.756174087524414
22.0 17.039064407348633
16.0 17.7923526763916
9.0 11.694276809692383
8.0 11.683192253112793
18.0 13.972358703613281
16.0 13.891597747802734
17.0 20.493446350097656
20.0 22.364158630371094
22.0 22.0853271484375
20.0 19.26450538635254
16.0 21.11142349243164
20.0 21.303199768066406
17.0 22.476192474365234
21.0 20.892141342163086
25.0 26.685224533081055
36.0 29.53868865966797
19.0 22.229562759399414
21.0 17.470922470092773
13.0 13.734371185302734
15.0 13.43239974975586
15.0 10.371132850646973
9.0 10.64855670928955
17.0 13.977188110351562
10.0 9.083794593811035
12.0 9.5018892288208
19.0 23.064695358276367
30.0 29.54801368713379
31.0 29.150226593017578
18.0 23.94306182861328
22.0 23.644075393676758
18.0 21.755882263183594
10.0 17.445600509643555
18.0 13.288774490356445
6.0 12.34276008605957
20.0 19.20754623413086
17.0 14.433252334594727
24.0 22.1951904296875
20.0 21.19462013244629
11.0 16.86277198791504
24.0 26.063884735107422
17.0 14.421339988708496
11.0 14.504584312438965
10.0 17.92534828186035
21.0 22.522911071777344
31.0 31.836360931396484
50.0 53.74680709838867
25.0 25.942434310913086
15.0 15.466480255126953
19.0 14.453088760375977
14.0 14.33544635772705
13.0 11.657896041870117
19.0 16.033357620239258
12.0 14.491253852844238
11.0 9.454510688781738
12.0 11.899855613708496
13.0 15.274656295776367
24.0 21.7421932220459
15.0 20.031333923339844
16.0 17.1072998046875
19.0 17.839895248413086
14.0 17.28040885925293
22.0 17.59766960144043
13.0 15.148533821105957
15.0 11.988581657409668
13.0 15.123791694641113
20.0 16.869190216064453
15.0 16.668542861938477
13.0 17.639196395874023
26.0 25.10542106628418
19.0 17.65425682067871
24.0 22.193429946899414
23.0 18.712890625
26.0 28.02884292602539
35.0 30.726917266845703
42.0 46.28913879394531
53.0 59.486751556396484
40.0 40.86559295654297
19.0 18.416439056396484
12.0 13.910447120666504
11.0 14.664289474487305
14.0 12.727112770080566
6.0 9.454192161560059
17.0 12.8182373046875
3.0 3.331740379333496
10.0 8.583450317382812
14.0 9.742847442626953
2.0 8.14649772644043
9.0 9.877887725830078
8.0 14.021246910095215
8.0 10.614002227783203
8.0 9.686471939086914
12.0 9.20504093170166
9.0 11.406084060668945
14.0 13.28907585144043
15.0 12.171228408813477
8.0 13.251264572143555
8.0 8.906159400939941
18.0 12.549116134643555
9.0 13.013784408569336
10.0 12.42314624786377
16.0 18.780717849731445
18.0 15.105273246765137
13.0 17.709325790405273
14.0 16.640146255493164
9.0 12.975557327270508
12.0 17.39742660522461
13.0 11.320710182189941
13.0 11.789665222167969
10.0 6.980650424957275
12.0 9.711040496826172
7.0 8.458603858947754
11.0 11.264251708984375
11.0 11.289214134216309
3.0 3.9856252670288086
6.0 6.469845771789551
7.0 8.233183860778809
6.0 7.614603042602539
5.0 10.016901016235352
12.0 13.071148872375488
8.0 15.132357597351074
11.0 12.638128280639648
15.0 15.294169425964355
7.0 13.763312339782715
13.0 15.395012855529785
16.0 15.242963790893555
12.0 11.554544448852539
3.0 8.736230850219727
10.0 13.539203643798828
16.0 19.957006454467773
12.0 19.58436393737793
14.0 18.729942321777344
17.0 14.51286506652832
12.0 15.103324890136719
11.0 12.137076377868652
10.0 13.107924461364746
13.0 12.066680908203125
14.0 13.822915077209473
5.0 5.731844425201416
10.0 9.655035018920898
13.0 9.166659355163574
10.0 10.423686027526855
9.0 9.358284950256348
8.0 9.579545974731445
9.0 7.97489070892334
14.0 13.420601844787598
23.0 17.837005615234375
25.0 20.70008087158203
26.0 28.932754516601562
37.0 28.777944564819336
19.0 18.5106258392334
14.0 13.704815864562988
16.0 13.238834381103516
17.0 17.356735229492188
11.0 8.802095413208008
11.0 11.658533096313477
14.0 16.76287269592285
17.0 13.393705368041992
20.0 17.022010803222656
12.0 17.486860275268555
19.0 14.4824800491333
15.0 20.33466911315918
18.0 16.26006317138672
24.0 18.24259376525879
37.0 33.497920989990234
34.0 36.025028228759766
41.0 38.068477630615234
35.0 36.30134582519531
16.0 17.069154739379883
14.0 12.17332935333252
16.0 13.31346607208252
18.0 16.829349517822266
7.0 9.112924575805664
15.0 13.780595779418945
10.0 10.496395111083984
10.0 13.055822372436523
14.0 17.051239013671875
18.0 17.850109100341797
26.0 25.253971099853516
22.0 26.374618530273438
26.0 19.013059616088867
22.0 19.36882972717285
12.0 15.474031448364258
13.0 13.459718704223633
10.0 12.17322063446045
9.0 11.429299354553223
16.0 16.08863067626953
18.0 15.669474601745605
16.0 16.44068717956543
18.0 17.604759216308594
17.0 19.304956436157227
18.0 16.591876983642578
10.0 11.483905792236328
15.0 18.112058639526367
33.0 40.49653244018555
50.0 46.48097229003906
34.0 48.01476287841797
34.0 36.1895866394043
51.0 49.99082946777344
19.0 24.638717651367188
20.0 18.438335418701172
19.0 16.433015823364258
10.0 15.283358573913574
7.0 8.641535758972168
9.0 9.446374893188477
6.0 9.738701820373535
12.0 14.001455307006836
22.0 17.95318031311035
20.0 17.934904098510742
13.0 16.598691940307617
18.0 17.21071434020996
14.0 20.94647979736328
17.0 14.353119850158691
12.0 15.252954483032227
6.0 10.783599853515625
14.0 12.168169975280762
11.0 10.578729629516602
24.0 23.068164825439453
16.0 13.907529830932617
14.0 14.485487937927246
29.0 19.764001846313477
16.0 16.829057693481445
23.0 18.72048568725586
19.0 20.602079391479492
20.0 23.50585174560547
43.0 36.647438049316406
47.0 43.404605865478516
25.0 25.254114151000977
25.0 21.399778366088867
14.0 14.494184494018555
7.0 9.671211242675781
9.0 10.168550491333008
10.0 7.868408203125
7.0 7.7688469886779785
16.0 12.163244247436523
14.0 12.628366470336914
14.0 12.026649475097656
25.0 25.688386917114258
22.0 19.431095123291016
24.0 19.03032875061035
22.0 24.57053565979004
18.0 16.17809295654297
28.0 18.842145919799805
13.0 9.70072078704834
20.0 17.01564598083496
12.0 10.58777904510498
19.0 16.324857711791992
21.0 15.567549705505371
24.0 23.928157806396484
19.0 14.535416603088379
24.0 19.335594177246094
15.0 15.354646682739258
16.0 19.27280616760254
12.0 14.884516716003418
29.0 23.882240295410156
29.0 25.290794372558594
20.0 23.932640075683594
20.0 20.55107307434082
10.0 10.545668601989746
18.0 14.607569694519043
14.0 11.571215629577637
7.0 9.663902282714844
19.0 17.042016983032227
17.0 13.600789070129395
7.0 7.532588005065918
18.0 15.305105209350586
10.0 11.543285369873047
18.0 20.227001190185547
21.0 22.08688735961914
29.0 32.28862380981445
18.0 24.172883987426758
21.0 25.966066360473633
19.0 19.202640533447266
15.0 15.771900177001953
9.0 15.769082069396973
7.0 12.097535133361816
9.0 10.944358825683594
12.0 13.721009254455566
28.0 21.197650909423828
27.0 24.34267234802246
23.0 19.83274269104004
10.0 10.47189712524414
15.0 16.475053787231445
17.0 24.10695457458496
30.0 29.075132369995117
29.0 27.7001895904541
27.0 34.20221710205078
41.0 40.237693786621094
17.0 17.178266525268555
15.0 15.082283020019531
10.0 12.511439323425293
11.0 11.630387306213379
13.0 11.618575096130371
15.0 16.61924171447754
1.0 3.601238489151001
2.0 6.533487319946289
6.0 5.156705856323242
5.0 7.865650653839111
17.0 13.626726150512695
13.0 12.84007453918457
10.0 12.466839790344238
5.0 12.04111385345459
13.0 14.50001335144043
21.0 16.99791717529297
13.0 11.376763343811035
5.0 10.022212982177734
14.0 11.3861722946167
6.0 10.7178316116333
8.0 7.349244594573975
12.0 12.680817604064941
9.0 9.005988121032715
10.0 9.420392036437988
13.0 9.761621475219727
14.0 13.454998016357422
11.0 11.893308639526367
8.0 11.13042163848877
12.0 10.18166732788086
9.0 11.619590759277344
9.0 11.125906944274902
5.0 4.916723728179932
6.0 7.160525321960449
7.0 6.229948997497559
8.0 6.4608330726623535
5.0 6.966933250427246
11.0 10.005939483642578
15.0 12.609625816345215
16.0 13.695019721984863
20.0 21.64665412902832
22.0 24.893550872802734
23.0 26.823511123657227
13.0 18.090335845947266
20.0 21.934173583984375
16.0 15.618350982666016
14.0 12.950728416442871
15.0 13.294533729553223
19.0 12.181589126586914
19.0 16.2769832611084
20.0 17.319156646728516
16.0 14.132808685302734
21.0 17.284908294677734
17.0 19.410303115844727
20.0 20.575727462768555
16.0 15.08879280090332
27.0 28.622365951538086
23.0 21.520814895629883
32.0 31.170358657836914
44.0 43.626800537109375
40.0 37.458900451660156
21.0 16.27370834350586
15.0 17.93703842163086
6.0 11.326737403869629
9.0 7.931838035583496
14.0 12.962849617004395
12.0 8.802542686462402
11.0 9.071734428405762
12.0 11.903399467468262
23.0 28.00689125061035
17.0 17.383996963500977
32.0 27.822933197021484
18.0 19.76529884338379
20.0 20.63558578491211
14.0 20.524412155151367
12.0 12.322822570800781
14.0 10.841222763061523
13.0 10.57996940612793
12.0 16.579816818237305
17.0 16.183818817138672
13.0 12.389815330505371
21.0 18.592071533203125
20.0 20.179962158203125
18.0 20.754175186157227
20.0 21.49138069152832
19.0 21.330934524536133
23.0 25.049774169921875
39.0 37.291648864746094
29.0 33.16812515258789
41.0 49.38716506958008
33.0 31.073625564575195
22.0 24.411527633666992
13.0 11.847089767456055
20.0 18.80863380432129
13.0 14.385141372680664
10.0 8.760514259338379
9.0 9.053677558898926
3.0 2.26381254196167
8.0 6.096892833709717
12.0 9.9734468460083
13.0 11.358935356140137
3.0 9.519791603088379
14.0 12.828376770019531
6.0 10.25023078918457
11.0 9.65631103515625
16.0 15.942072868347168
17.0 26.675960540771484
19.0 16.09927749633789
8.0 9.263226509094238
16.0 16.117916107177734
13.0 12.993563652038574
17.0 12.868863105773926
14.0 20.964065551757812
14.0 17.257959365844727
18.0 22.552732467651367
16.0 16.995296478271484
18.0 18.042816162109375
14.0 14.585165023803711
15.0 17.376733779907227
15.0 15.112387657165527
13.0 11.046777725219727
20.0 13.922835350036621
13.0 12.398451805114746
7.0 5.936662197113037
9.0 8.97210693359375
3.0 3.4691736698150635
5.0 6.348175525665283
6.0 7.505171775817871
7.0 5.535731792449951
12.0 9.317093849182129
5.0 11.576172828674316
17.0 16.138093948364258
8.0 10.617541313171387
12.0 13.761359214782715
15.0 15.924629211425781
9.0 14.55443000793457
10.0 13.435437202453613
13.0 11.580266952514648
6.0 11.38433837890625
14.0 11.34084415435791
10.0 11.14342212677002
7.0 11.776206970214844
17.0 18.020584106445312
8.0 13.295334815979004
5.0 6.576569557189941
13.0 14.753959655761719
16.0 9.799821853637695
18.0 17.893569946289062
8.0 12.767447471618652
11.0 11.498242378234863
8.0 9.007996559143066
12.0 11.66307544708252
10.0 10.210931777954102
6.0 7.6912665367126465
7.0 5.962668418884277
7.0 7.256077766418457
12.0 10.926109313964844
19.0 16.109893798828125
11.0 17.159793853759766
22.0 20.79067611694336
16.0 15.702872276306152
28.0 22.7303466796875
17.0 15.552070617675781
7.0 12.653987884521484
9.0 14.528307914733887
16.0 15.698251724243164
15.0 12.601410865783691
9.0 12.60280990600586
10.0 12.271732330322266
12.0 11.627706527709961
13.0 12.662339210510254
12.0 15.454870223999023
19.0 15.901655197143555
18.0 13.395371437072754
11.0 11.442490577697754
14.0 17.6059627532959
16.0 21.204212188720703
24.0 27.01611328125
25.0 27.38022804260254
38.0 42.34498596191406
33.0 32.065574645996094
18.0 14.225268363952637
16.0 11.2318754196167
11.0 10.739144325256348
9.0 10.65046215057373
13.0 11.372529983520508
19.0 16.543968200683594
8.0 8.353391647338867
30.0 23.90715789794922
25.0 22.40119171142578
21.0 18.764551162719727
16.0 16.157678604125977
16.0 12.594742774963379
15.0 15.41434097290039
19.0 14.535553932189941
22.0 12.764731407165527
14.0 12.375398635864258
14.0 11.061807632446289
6.0 10.440364837646484
9.0 13.7615966796875
18.0 20.89990234375
17.0 12.35405158996582
16.0 15.154092788696289
15.0 15.333403587341309
13.0 18.24724578857422
21.0 19.845293045043945
32.0 27.095495223999023
